Webots Project File version R2023a
perspectives: 000000ff00000000fd00000002000000010000039b000002d0fc0200000001fb0000001400540065007800740045006400690074006f0072010000001a000002d00000008c00ffffff0000000300000780000000dafc0100000001fb0000001a0043006f006e0073006f006c00650041006c006c0041006c006c0100000000000007800000006900ffffff000003e3000002d000000001000000020000000100000008fc00000000
simulationViewPerspectives: 000000ff000000010000000200000120000002c10100000002010000000100
sceneTreePerspectives: 000000ff000000010000000300000022000002ce000000fa0100000002010000000200
maximizedDockId: -1
centralWidgetVisible: 1
orthographicViewHeight: 1
textFiles: 3 "controllers/BaseRobot/BaseRobot.hpp" "controllers/BaseRobot/BaseRobot.cpp" "controllers/LeaderController/LeaderRobot.hpp" "controllers/LeaderController/LeaderRobot.cpp" "controllers/ScoutController/ScoutRobot.hpp" "controllers/ScoutController/ScoutRobot.cpp"
consoles: Console:All:All
renderingDevicePerspectives: 0:camera depth;0;0.895833;0;0
renderingDevicePerspectives: 0:camera rgb;1;0.895833;0;0
renderingDevicePerspectives: 1:camera;1;1;0;0
renderingDevicePerspectives: 2:camera;1;1;0;0
renderingDevicePerspectives: 3:camera;1;1;0;0
